1001110
1101001
1111000
1111101
1111111
1011110
1110010
1110110
1000000
1111111
1111000
1111001
1111101
1111101
1111110
1111101
1111111
1111100
1111001
1111001
1111010
1111110
1111101
1111111
1111111
1111111
1111111
1100011
1111000
1111110
1111111
1111110
1111110
1111110
1110010
1111111
1111101
1111101
1101100
1100100
1111111
1111111
1111111
1111100
1110111
1111111
1111110
1110101
1111101
1111111
1111101
0111101
1111111
1111010
1111110
1100011
1111111
1111110
1111110
1010101
1111111
1111110
1111110
1101100
1111100
1111110
1110100
1111111
1111111
1111110
1111101
1111011
1111110
1111110
1110011
1111111
1111111
1100101
1110111
1111110
1111100
1111111
1111001
1111111
1011101
1111101
1011011
1100001
1111111
1111001
1111101
1100011
1100000
0101001
1101100
0101001
1111010
1101001
1111111
1111011
1111111
1111111
1111111
1111111
1100010
1001010
1111111
1111111
1110111
1111100
1111111
1110010
1110101
1111111
1000100
1101100
1100110
1101011
1111111
1111110
1101011
1110101
1111111
1111110
1111111
1111110
1110011
1111101
1111111
1111110
1111100
1111111
1111110
1111101
1111001
0001010
1111111
1111111
1111110
0110010
1110000
1111111
1111001
1111101
1000111
1111111
1111111
1111101
1111111
1100000
1100010
1110010
1111001
1001000
1100111
1111100
1111011
1111111
1111110
1111111
1001110
1111100
1111111
1111111
1111010
1111110
1111111
0110000
1100100
1110101
1111111
1111111
1111010
1111111
1111111
1111111
1111111
1111111
1111000
1101001
1110110
1111111
1111110
1111111
1110110
1110111
1111111
1001101
1001000
1101010
1111111
1111110
1111101
1111111
1101000
1111000
1111110
1111010
1111111
1100000
1111110
1111110
1111110
1110110
1101111
1111100
1111111
1111100
1111101
1101101
1111001
1101010
1111100
1111111
1001110
1111111
1111110
1111111
1111100
1101011
0101100
1101111
1011110
1110100
1111100
1111101
1111010
1111110
1111111
1111100
1101011
1111100
1111110
1101101
1111111
1111110
1111101
1111111
1111010
1111100
1010001
1111010
1111110
1111110
1111111
1111110
1110010
1110110
1110111
1111101
1100010
1111110
1111111
1100010
1011111
1110001
1011101
1111011
1111110
1111111
1111111
1111011
1101010
1111111
1111111
1111111
1111111
1100110
1111110
1111011
1111110
1001000
1111101
1111110
1111111
1001110
1111110
1111110
1111111
1111111
1111100
1111101
1111111
1100101
1111110
1111111
1110111
1111111
1011101
1111111
1111110
1101110
1111100
1110111
1111110
1111111
1110101
1111001
1111111
1111011
1111111
1111111
1111110
1111111
1111111
1101000
1111111
1100100
1111001
1111101
1111100
1110101
1101010
1111111
1111110
1111111
1111111
1111111
1111110
1111101
1111111
1111111
1110111
1111111
1110001
1111110
1111111
1111101
1100000
1110000
1111111
1010101
1111111
1111001
1110110
1111110
1111110
1111111
1111111
1111111
1111101
1111000
1111111
1110100
1111111
1101100
1111110
1111011
1111111
1111111
1111111
1111101
1111110
1111001
1110111
1111111
1111101
1111111
1111100
1111111
1111011
1110010
1111101
1111100
0111001
1111111
1111110
1010100
1111111
1010011
1111101
1111011
1111100
1111111
1111110
1111110
1111110
1111110
1111111
1111111
1101001
1111111
1111100
1111110
1111110
1001111
1111000
1110101
1111111
1101000
1111011
1111100
1111010
1111110
1110111
1110100
1111111
1111111
1111111
1111111
1111110
1111101
1111111
1100110
1001011
1111111
1100110
1110110
1111111
1111011
1101110
1111111
1111101
1111010
1111100
1111000
1111010
1111101
1111001
1111101
1111111
1111110
1111111
1111001
1111111
1111100
1111110
1111111
1111010
1111011
1111111
1010001
1111101
1111110
1111001
1111111
1111001
1111110
1011111
1111110
1111101
1111110
1101011
1110010
1001100
1111111
1111011
1111110
1111110
1110110
1110001
1111111
1111110
1101101
1101110
1111111
1111111
1101011
1111111
1111111
1111111
1011101
1111111
1111111
1111011
1111111
1111100
1111111
1010011
1111110
1111111
1111010
1111111
1111100
1111111
1111111
1111111
1111110
1111111
1111010
1111101
1001110
1010100
1111111
1101001
1111111
1111111
1111110
1111111
1111000
0111110
1111111
1111001
1011000
1111110
1111111
1000101
1101000
1111111
1000101
1111111
1111111
1110111
1111111
1111111
1011011
1101111
1111110
1111101
1111010
1111110
1100011
1111111
1111111
1111110
1111110
1111001
1110101
1111111
1111001
1111101
1111011
1111100
1111111
1100101
1111101
1101010
1111101
1111101
1111101
1111111
1111110
1111000
1111111
1111011
1111111
1111101
1111100
1110111
1111101
1111110
1111111
1111111
1111011
1101011
1111111
1110101
1111111
1111011
1111111
1101111
1011100
1111111
1111111
1111111
1111111
1111001
1111111
1111111
1111011
1001100
1101000
1111110
1111100
0001010
1110110
1111010
1111011
1111111
1100001
1111000
1111110
1111110
1111110
1111110
1111000
1111110
1110111
1000100
1000101
1101011
1110110
1111111
1111110
1101000
1110111
1100010
1111001
1111111
1111100
1111100
1110110
1111010
1010011
0101101
1111111
1111100
1100100
1110110
1111111
1110000
1111011
1111111
1111111
1111100
1111001
0101100
1111100
1111111
1111101
1111111
0100101
1111110
1111101
1111110
1111101
0110000
1111111
1111010
1110000
1111111
1110101
1111111
1111111
1100101
1010101
1111111
1111110
1101000
1010001
1100101
1111110
1111011
1111111
1111001
1111111
1111110
1010100
1110101
1111111
0111101
1111001
0010110
1101010
1111110
1111111
1111110
1110111
1111011
1111110
1010111
1111111
1111101
1111011
1100001
1111010
1110001
1111000
1111010
1111111
1101101
1111000
1111111
1111111
1111111
1111011
1110011
1111111
1111111
1111010
1111111
1111111
1011010
1111111
1111100
1111110
1111100
1110101
1111111
1101010
1010101
1111011
1111111
1111110
1111110
1101111
1111111
1111111
1110111
1111001
1111001
1111001
1111000
1111100
1111011
1111101
1111110
1111111
1111110
1111111
1111111
1111110
1111011
1111000
1111111
1110011
1111111
0101000
1111111
0110010
1110100
1111100
1111101
0111001
1111110
1111111
1111111
1110111
1111111
1111100
1111001
1111111
1000111
1111011
1111110
1001001
1111111
1111011
1111111
1111110
1111100
0111000
1100101
1111100
1111101
1100100
1111110
1110111
1111111
1111111
1111110
1111110
1111001
1111110
1111111
1111111
1111000
1111111
1111111
1101101
1111111
1111001
1100110
1111001
0100101
1010111
1110110
0111111
1111110
1111101
1110111
1111111
1111100
1111001
1111111
1111111
1111100
1111101
1111110
1110011
1111000
1110011
1100111
1111110
1111100
1111010
1111110
1111111
1101011
1111110
1111011
1100101
1101001
1111111
1111100
1111110
1100010
1111111
1100001
1100100
1111110
1111111
1111011
1111101
1111011
1111111
1111000
1111111
1101010
1010011
1111100
0111000
1011000
1111110
1111101
1010110
1111110
1101110
1111110
1111001
1111110
1111110
1110000
1111111
1111110
1111101
1111110
1111111
1111110
1111111
1101101
1111101
1101101
1111111
1111100
1111111
0110101
1111110
1111010
1111111
1111101
1111110
1001101
1110111
1001101
1111100
1111111
1100100
1111011
1111100
1111111
1111111
1110111
1011011
1111110
1111010
1110000
1000111
1111101
1111011
1111111
1111111
1100000
1111011
1101010
1101001
1011101
1010100
1111001
1111010
1111011
1001000
1111100
1111101
1110010
1111111
1111111
1111000
1111100
1111110
1111111
1111001
1101101
1111111
1111101
1111111
1101010
1110001
1111110
1101101
1111111
1111001
1111111
1110011
1001111
1111111
1110011
1111001
1111111
1111100
1111111
1111111
1100011
1111000
1111110
1111001
1111111
0111011
1111111
1111110
1001001
1111111
1111111
1111101
1100111
1111111
1101101
1110010
1111100
1111011
1111010
1111111
1111111
1111100
1111111
1110110
1111111
1111110
1111011
1111101
1100101
1111110
1111110
1111111
1111100
1110010
0100000
1111111
1101011
1111110
1111111
1110000
1111101
1111111
1111110
1110110
1111111
1111110
1111111
1111111
1111101
1111011
1110001
1111111
1100010
1111111
1111111
1111111
1110011
1111111
1111100
1101000
1111110
1111111
1101001
1111110
1111110
1111001
1110110
1101101
1110100
1101101
1111001
1111111
1111101
1110100
1111011
1111100
1111111
1110101
1111111
0111000
1111111
1111111
1111111
1000010
1111111
1111010
1111111
1111010
1111111
1111110
1111011
1111000
1111011
1111110
1111001
1111111
1101010
1111110
1111011
1110001
1011100
1111110
1111111
1111110
1111111
1111111
1110000
1111110
1111100
1111000
1111111
1110011
1110111
1111100
1111111
1111101
1110011
1111101
1111001
1111111
1111001
1111111
1111111
1111111
1110100
1110011
1110100
1110110
1110111
1001001
1110010
1110111
1111111
1101101
1100001
1110111
1111000
1110111
1111010
1111101
1111111
1111111
1111001
1010111
1111010
1111111
1111110
1101111
1111111
1111111
1111101
1111101
1111110
1111111
1101101
1111110
1111111
1111110
0010000
1111101
1111110
1101000
1110100
1111111
1111111
1110110
1111100
1111111
1111110
1111111
1110010
1110111
1111110
1111011
1111110
1111011
1111111
1111111
1111101
1111111
1110010
1100110
1010010
1011000
1100110
1110000
0011011
1111001
1111111
1111101
1111011
1111010
1111111
1111111
1100100
1111111
1100001
1010101
0011100
1011001
1111111
1111111
1111111
1111011
1111001
1110100
1101101
1111111
1111111
1111110
1111111
1010111
1111111
1111111
0111001
1111101
0010011
1111110
1111010
1111111
1110011
1111011
1111000
1111101
1100000
1100111
1111111
1111100
1111111
0111110
1110100
1110011
1111111
0100000
1111111
1111111
1111011
1111110
1111110
1111011
1110111
1010010
1110010
1111111
1111110
1111111
1111110
1111101
1111111
1111111
1111110
1111110
1111111
1111111
1111111
1111010
1111111
1111101
1111110
1111100
1111111
1111000
1110001
1111111
1111001
1111110
1111101
1110001
1111000
1111111
1111010
0101101
1110110
1111111
1111110
1111110
1111111
1110111
1111111
1111101
1111011
1111111
1111101
1111101
1111100
1001000
1110111
1111110
1110011
1111111
1111111
1100111
1110011
1111011
1111111
1111111
1111111
1111100
1100111
1111111
1111111
1111111
1111110
0100100
0010110
1111110
1111111
1111110
1111001
1111111
1111110
1010110
1111110
1111011
1111000
1110010
1111111
1111111
1100101
1111110
1111101
1111000
1111100
1111111
1010101
1111111
1111000
1111100
1000001
1111011
1111111
1111111
1110101
1111010
1111110
1111111
1111000
1010100
1111111
1000111
1100110
1111111
1111111
1111111
1110000
1111111
0101110
0111011
1111111
1111101
1111101
1111110
1110110
1111111
1111110
1100111
1110111
1111010
1111000
1111100
1111100
1111111
1111101
1111111
1111011
1111111
1101100
1111111
1111110
0111000
1111111
1111111
1111101
1111100
1111111
1111111
1111111
1111110
1111111
1111101
1001111
1010011
1111101
1111111
1111110
1111100
1111101
1111111
1111111
1111110
1111110
1111111
1111011
1111110
1111110
1111100
1111110
1111000
1111110
1101001
1111111
1110010
1101010
1111110
1110000
1111111
1110101
1111110
1111111
1111011
1100100
1111010
1111111
1111111
1111000
1111110
1111111
1111010
1110010
1111101
1111010
1010010
1111111
1111111
1111111
1111111
1111111
1111110
1111111
1110110
1111011
1111001
1110110
1111111
1111110
1100010
1111011
1111101
0010010
1101100
1011111
1111101
1111100
1111110
1010101
1111100
1111110
1111111
1111100
0110011
1111111
1101111
1111110
1111111
0110001
1110001
1111101
1111110
1111111
1111001
1111110
1111100
1111111
1111101
1010100
1111001
1011011
1110001
1000111
1110001
1111101
1111100
1100100
1111111
1110100
1111100
1001011
1111100
1111000
1110000
1111110
1111110
1111111
1111101
1111111
1111010
1111111
1110111
1111010
1111110
1111111
1111111
1111111
1111111
1100000
1111111
1111010
1111101
1101100
1111110
1111101
1101010
1100100
1111011
1110111
1111101
1111011
1111110
1110110
1111111
1000110
1111110
1111110
1111000
1111111
1111100
1011110
1111111
1111111
1000000
1111111
1110100
1111110
1111110
1111110
1111101
1111110
1111111
1110001
1100111
1111111
1111111
1111110
1100010
1111110
1110010
1111110
1111111
1111001
1111100
1111111
1111110
1111110
1100010
1111011
1111000
1110100
1110010
1111000
1111101
1111101
1011111
1111110
1111011
1111111
1111111
1111100
1111011
1010101
1111111
1111100
1110011
1111111
1111111
1111110
1111111
1111111
1111111
1111111
1110110
1111110
1111100
1111111
1111111
1111100
1111011
1111101
1111110
1000100
1111111
1111000
1101111
1111110
1111111
1111110
1110101
1111000
1111111
1101100
1111000
1110011
1111110
1110101
1110011
1111000
1111110
1111110
1110111
1111101
1111010
1111011
1111111
1011100
1111011
1111110
1111101
1111111
1100100
1110110
1111010
1111110
1110111
1100111
1111111
1111111
1110111
1111011
1111100
1111011
1001011
1001110
1111010
1111111
1111110
1010110
1111010
1111111
1101110
1111011
1111100
1110110
1111111
1111000
1100010
1001101
1110001
1111111
0100110
1111101
1111100
1111111
1111111
1111011
0100101
1111000
1111011
1110000
1110110
1111000
1111110
1111100
1110001
1010000
1111101
1111111
1101001
1110011
1101000
1111110
1111101
1111110
1111100
1111110
1101001
1100001
1111100
1111110
1111110
1111010
1111110
1111110
1111011
1111100
1101000
1111111
1100110
1011011
1110101
1111001
1111111
1010000
1010001
1011001
1111111
1110001
1111111
1111110
1101000
1100010
1111100
1111000
1111111
1111111
1100011
1100100
1110100
1111110
1111111
1111100
1111101
1111111
1110001
1110111
1111110
1000001
1110111
1111010
1111101
1111011
1111111
1111111
1111111
1111110
1111101
1111111
1111100
1111010
1111111
1111111
0010101
1111111
1111110
0100010
1100010
1110011
1111101
1111111
1111101
1110101
1110101
1111010
1111000
1111111
1111110
1111100
1111100
1111111
1111100
1111111
1101011
1110101
1111111
0111101
1100011
1111111
1111110
1111111
1111111
1101000
1111000
1011011
1111111
1111010
1110100
1111110
0011010
1111111
1111101
1111111
1111110
0010010
1110100
1111001
1111101
0101110
1111111
1111100
1111001
1111111
1111100
1111111
1110110
0101000
1111111
1111110
1101101
1111101
1111011
1111101
1110111
1110110
1110011
1010101
1111111
1111111
1111111
1111011
1111010
0100010
0011001
1111101
1110111
1110111
1111111
1111111
1111101
1111000
1111110
1111110
1111000
1111110
1111111
1111110
1100000
1111100
1111111
1111001
1101111
1111110
1100010
1111111
1101101
1111010
1111000
1111111
1001100
1111101
1001110
1111100
1111111
1111110
1111111
1111110
1111111
1111110
1111111
1111000
1111111
1111001
1011011
1100110
1010100
1111101
1100001
1111111
1111111
1111000
1111011
1011011
1111101
1101100
1111011
1111110
1111111
1011101
1111100
1111111
1111111
1111001
1101000
0100110
1111111
1111110
1010101
1110101
1111110
1111111
1110011
1110000
1111111
1111011
1011011
1111100
1111111
1111111
1110101
1110110
1111111
1111110
1111100
1111111
1111001
1100111
0110011
1110100
1110110
1111111
1100110
1111000
1111111
1111111
1000110
1111101
1111011
1111111
1111010
1100100
1100101
1111111
1111100
1111000
1111010
1111011
1110011
1111111
1111000
1111001
1111111
1111100
1111101
1111110
1111111
1111111
1111111
1111111
1111111
1111110
1111111
1111101
1111110
1111101
1111011
1111010
1111011
1111010
1111100
1011001
1111111
1011010
1111111
1111101
1111000
1111100
1111111
1011011
0100111
1111011
1111111
0101010
1110101
1011011
1111110
1111110
1111100
1110111
1111111
1111111
1111111
1111111
1110111
1111011
1111110
1011101
1101101
1111111
1111101
1111110
1100000
1111010
1111111
1111010
1110110
1111100
1111110
1111111
1111111
1110110
1111111
1111110
1111100
1111110
1111100
1111111
1111111
1111111
1111111
1111111
1111011
1111110
1011101
1111111
1111111
1111011
1111011
1111111
1101001
1111001
1110010
1111111
1111011
1111000
1111101
1111111
1111101
1111111
1110110
1111001
1101101
1111100
1111110
1111101
1111001
1001000
1111110
1111010
1111101
1111111
1111111
1100110
1110111
1010101
1111111
1001101
1111110
1111111
1110010
1100011
1111111
1111111
1111011
1111110
1111100
1111111
1111111
1111111
1111111
1000000
1100110
1111000
1111111
1110001
1110111
1111101
1111111
1110101
1111101
1011100
0111101
1100010
1101010
1111111
1111101
1111101
1111111
1111111
1110011
0101101
1111111
1111111
1111100
1110001
1011001
1111001
1100110
1111111
1111111
1001111
1111000
1111111
1111101
1110001
1101111
1111110
1111110
1111111
1111100
1111111
1111110
1111100
0010000
1100010
1111011
1111101
1111100
1101010
1111111
1111110
1111111
1111111
1111111
1100111
1111111
1111101
1111111
1111101
1111110
1111111
1111110
1111111
1111100
1011101
1111101
1111111
1111111
1111101
1111111
1111111
1001111
1101101
1111010
1101101
1111100
1001001
1111111
0100101
1111110
1111111
1101010
1111101
0101111
1010000
1101110
0101001
1111111
0101100
1111110
1111111
1111111
1111111
1111111
1110011
1111110
1111100
1011000
1000101
1011100
1101110
1111110
1110001
1111111
1111011
1111110
1101101
1111110
1100010
1111111
1111111
1111111
1111011
1111111
1001101
1111001
1101010
1111111
1010101
1111110
1110111
1111111
1111111
1111101
1110000
1111100
1111111
1011100
1111110
1111110
1111111
1111110
1111110
1111111
1111111
1111100
1111110
1111001
1111101
1111111
