1111101
1111100
1111110
1110100
1111111
1111011
1110111
1111110
1110010
1101110
0110111
1111011
1111000
1111110
1101100
1110011
1111111
1111110
1101000
1111111
1111010
1111011
1111111
1111000
1111111
1110010
1111111
1111101
1001100
1011101
1111100
1001101
1111110
1111101
1111111
1111011
1111110
1111110
1111100
1111111
1110111
1111110
1101010
1111111
1111110
1101100
1111111
1111101
1101110
1110110
1111111
1111011
1111100
1111110
1111111
1111101
1111111
1101101
1111110
1111110
1111010
1111110
1100100
0110110
1111110
1111010
1111111
1111111
1111100
1100000
1110110
1111111
1111111
1111010
1000111
1111011
1111111
1111001
1110010
1111110
1111111
1111111
1111111
1101010
1111111
1111111
1110110
1101010
1111111
1110011
1101001
1001011
1111100
1111101
1111110
1111101
1111111
1111111
1110010
1111011
1111101
1111000
1111101
1100111
1111111
1111111
1001110
1111000
1110011
1111111
1111111
1011110
1101110
1100011
1111111
1111111
1111111
1111110
1110100
1111101
1111110
1111111
0111101
1111111
1111111
1110001
1111111
1101111
1111001
1111001
1010110
1111100
1111100
1111100
1011111
1111101
1110001
1101101
1010000
1110000
1111101
1111111
1111111
1101000
1111001
1111110
1010001
1111110
1111111
1111111
1111110
1111111
1111111
1111011
1110111
1111111
1111100
1111111
1111101
0110010
1101100
1111111
1110101
1110100
1111001
1111100
1101000
1101000
1001110
1111111
1110101
1111011
1111101
1010100
1111111
1000110
1101111
1111001
1110101
1110001
1110001
1111100
1111100
1011101
1001010
1111111
1011001
1111111
1100110
1111110
1111111
1111111
0110001
1111110
1111001
1110100
1111011
1101111
1111011
1111111
1111111
1111011
1111111
1111111
1111110
1110001
1110110
1111111
1100110
1111000
1111111
1111110
1111011
1111111
1111111
1111111
1111110
1111100
1111111
1011100
1111100
1111100
1010000
0101001
1110001
1111010
1011010
1111111
1111010
1101001
1111110
1111000
1111111
1111111
1111111
1111010
1111110
1110101
1110101
1111111
1110110
1101100
1101111
1101101
1000101
1111111
1111110
1111111
1110000
1010101
1111111
1111111
1110111
1110101
1111110
1111111
1111111
1111101
1111010
1111001
1111110
1111110
1111111
1111010
1110101
1111111
1111111
1111011
1101001
1101001
0100101
1111111
1111110
1110101
1111101
1111111
1111111
1111111
1111011
1110100
1111111
1111011
1111111
1111110
1110011
1111110
1000001
1110111
1111111
1110101
1111001
1111111
1111010
1111110
1111111
1111110
1111010
1111011
1110001
1111110
1011010
1010010
1111110
1111111
1100010
1111010
1110101
1111100
1111001
1111101
1111111
0111100
1111110
1111111
1111011
1111111
1111111
1111111
1111111
1101111
1111100
1110100
1111011
1111100
1111101
1111110
1111101
1111010
1110011
1011111
1111111
1111110
1111111
1111100
1011110
1111001
1111101
1111110
1111110
1111111
1111110
1111111
1100101
1110101
1110011
1111011
1111101
1111111
1111110
1111111
1111000
1111001
1111110
1111101
1010100
1111100
1111101
1111001
1111100
1101011
1000100
1101100
1111110
1111111
1111101
1111111
1101001
1111110
1111111
1111110
1100100
1100000
1100010
1111111
1111111
1111011
1010001
1111010
1111101
1111011
1111100
1100001
1111010
1111101
1110001
1010001
1110001
1111110
1101000
0101100
1111101
1111100
1011110
1111111
1101111
1111101
1111110
1111110
1111110
1001101
1111111
1111100
1111111
1010010
1111111
1111110
1110000
1111100
1111110
1111111
1100010
1111010
1111001
1111111
1111111
1111110
1111111
1111101
1111100
1001110
1111111
0101011
1111011
1111111
1101100
1101110
1111000
1000110
1110110
1111111
1111111
1010010
1111110
1111111
1111110
1100101
1111001
1111010
1111011
1100011
1111011
1111101
0101110
1110011
1110100
1111101
1111011
1111111
1111110
1111011
1111111
1111111
1111111
1110010
1111111
1111111
1111111
1110010
1111111
1111101
1011000
1111001
1100101
1111110
1111011
1111111
1111101
1110111
1111111
1010110
1111110
1111111
1101011
1111000
1111111
1111100
1111111
1111110
1111111
1101010
1110110
1111111
1111111
1111100
1111111
1111111
1111110
1111111
0111001
1111111
1110111
1110100
1111000
1111111
1101100
1110001
1111001
1111101
1110011
1110110
1111011
1111111
1111011
1111000
1111111
1111110
1111111
1111101
1110100
1100010
1101010
1111111
1111110
0110010
1111111
1111110
1111110
1101001
1100000
1110010
1111101
1111111
1111100
1111101
1110100
1111000
1111101
1111010
1101001
1111110
1111111
1111101
1111011
1111111
1111110
1110011
1111110
1111101
1000110
1111101
1111111
0011111
1101101
1111110
1111110
1111111
1110010
1111111
1110010
1111111
1111110
1111100
1111111
1111111
1111110
1111111
1110011
1111111
1111111
1111110
1111111
1111101
1111100
1110001
1000011
1111101
1111111
1000001
1111111
1111111
1111100
1110110
1111111
1111111
1111111
1111011
1011000
1111111
1111111
1111111
0110100
1111001
1111011
1111010
1111110
1111010
1111111
1111110
1111011
1010100
1111110
1111110
0111001
1100111
1111011
1111111
1010000
1111110
1101101
1111000
1011101
1111111
1111101
1011011
1101010
1111111
0111001
1111101
1110110
1111111
1111100
1111110
1111010
1111111
1111111
0101111
0111100
1111111
1111101
1000011
1111011
1111111
0110101
1111110
0110111
1111100
1111111
1111111
1111100
1111110
1111110
1111010
1110100
1111111
1111100
1111010
1110101
1111111
1110011
1111111
1111011
1111110
1110110
1111111
1111110
1111111
1111110
1101001
1111111
0110100
1111111
1110001
1111111
1111101
1111111
1101001
1110100
1101101
1110000
1111101
1100010
0101110
1111111
1111110
1011110
1111111
1111100
1111111
1100100
1111110
1111111
1111100
1111101
1111000
1111111
1111000
1011001
1111110
1111011
1110011
1111111
1110111
1101010
1111111
1111111
1101100
1111110
1111100
1110001
1111110
1111111
1111100
1111011
1111101
1111111
1111010
1110101
1000110
1100101
1111111
1111000
1111100
1111100
1110111
1110100
1111001
1111000
1100101
1111111
1110101
1000000
1110100
1111111
1100011
1111011
1111111
1111000
1110111
1111111
1111111
1111111
1110010
1111100
1111011
1101110
1111111
0101000
1101100
1111010
1111111
1111111
1101000
1110000
1100101
1111000
1101101
1111101
1110000
1110111
1110011
1111111
1111110
1110101
1110000
1111111
1111100
1010100
1111111
0100011
1111100
1100001
1111111
1110001
1000011
1111001
1111100
1111101
1101110
1111111
1111100
1111111
1111101
1110001
1111111
1111101
1111111
1011111
1111101
1111111
1111000
1111101
1001010
0101111
1111011
1111111
1111111
1111101
1111001
1111111
1111001
1111001
1111111
1111110
1111011
1111111
1111011
1110011
1110000
1010100
1110000
1111111
1111110
1111100
1111110
1111011
1111010
1111100
1111000
1111110
0101001
1111111
1111111
1111000
1101011
1111101
1110111
1111111
1111111
1100001
1111100
1111001
1111011
1111100
1111111
1111101
1111100
1111001
1111011
0101110
1111110
1011111
1111111
1111110
1111101
1111100
1111111
1111111
1111111
1111111
1100000
1111101
1111111
1110011
1111011
1101110
1111111
1111011
1111100
1111110
1111111
1111111
1111101
1111111
0111100
1111110
1111111
1110110
1101001
1111100
1001100
1111111
1111000
1111111
1111110
1111010
1111000
1111100
1111111
1111001
1111110
1111101
1111100
1111111
1111110
1110101
1111110
1110101
1111110
1111111
0111100
1111101
1111110
1101110
1111101
1111111
1111010
1111110
1111100
1111111
1110100
1111101
1001100
1111100
1100100
1101010
1101001
1111111
1110101
1111111
1111001
1111011
1110011
1101101
1111110
1101001
1111111
1111111
1000000
1110001
1111100
1111111
1111101
1111101
1111101
1111101
1101100
1110101
1111011
1110001
1111110
1111100
1110101
1111110
1111010
1111010
1111111
1100001
1111111
1101000
1111111
1101000
1111111
1110011
1111001
1111010
1111111
1111111
1111001
1111110
1110011
1111111
1111010
1101101
1111111
1111001
1111111
1111111
1100111
1111110
1111001
1111111
1111111
1101111
1111110
1111110
1101111
1100100
1111111
1100101
1110001
1101110
1111101
1011111
1111111
1111010
1111100
1111111
1111011
1111101
1101000
1101011
1111111
1100101
1111111
1111101
1111111
1111011
1111111
1111110
1111101
1111110
1111100
1111101
1101111
1111110
1011000
1111111
1111010
1111010
1111100
1111001
1111110
1111011
1111001
1111111
1111001
1111110
1111101
1110111
1111001
1111110
1111110
1111011
1111110
1111001
1101011
1111111
1110011
1101111
1111111
1001001
1111111
1111110
1111100
1110100
1111101
1111011
1111101
1111000
1111101
1101110
1110110
1110001
1010100
1111111
1110111
1111001
1111001
1111101
1111111
1110111
1101101
1111111
1111110
1111111
1111111
1111111
1111101
1011101
1111011
1111111
1111111
1010000
1011101
1111111
1111110
1111111
1111111
1111111
1111111
1111110
1111111
1111111
1111110
1111110
1111110
1111101
1011001
1111111
1111100
1111111
1111111
1111111
1100010
1111111
1111010
1110011
1000000
1100011
1111110
1111111
1111101
1111001
1111010
1100101
1111111
1111111
1111010
1111011
1111011
1111011
1100001
1111111
1100010
1111111
1111010
1101101
1111111
0010101
1100101
1111111
1111110
1111101
1111111
1111001
1001100
1111100
1110010
1111111
1110001
1101100
1111101
1111111
1111101
1111111
1111111
1110010
1111110
1111001
1111111
1111101
1111101
1111111
1101101
1111111
1111111
1111101
1101111
1111111
1111110
1111111
1111110
1111100
1101100
1111111
1101110
1111000
1111111
1111101
1110111
0101111
1101111
1110100
1110110
1111111
1001000
1111110
1111111
1111110
1110000
1111001
1110001
1111111
1111111
1110111
1111110
1110110
1111111
0110001
1110011
1111111
1111101
1111101
1111111
1111111
1000111
1111110
1111100
1111011
1110010
1111010
1111110
1110110
1111110
1111111
1111111
1111111
1111111
1011001
1111001
1111101
1111010
1111001
1111111
1111111
1111100
1111111
1101001
1111011
1111101
1111110
1111100
0010000
1111110
1111111
1111001
1110101
1111111
1110110
1111100
1111111
1111111
1111001
1111111
1111111
1111111
1111011
1110110
1110111
1101110
1111111
1001010
1111100
1111011
1111101
1111011
1101001
1111001
1110001
1111111
1110000
1111011
1111111
1111111
1011011
1111001
1111000
1111011
1111110
1111001
1111101
1101101
1111110
1111111
1111101
1111111
1111110
1110010
1110111
1001001
1111110
1111111
1111111
1111011
1111111
1111111
1111001
1110010
1111111
1111101
1111111
1111111
1111110
0111110
0101000
1111010
1111111
1111110
1111111
1111111
1111110
1111111
1111111
1011011
1111111
1111011
0111101
1110101
1101111
1111111
1011011
1000011
1101100
1110111
1101100
1111111
1111111
1110000
1111111
1111001
1111111
1111100
1101111
1101011
1111101
1011111
1111001
1111111
1111100
1111000
1111111
1011101
1111111
0011011
1111110
1111101
1111111
1111101
1110000
1111011
1101011
1111111
1110010
1111110
1000000
1110100
1111111
1101101
0111100
1100101
1110101
1111001
1111111
1100100
1111111
1111001
1111111
1111100
1111010
1111101
1101010
1111010
1111111
1111111
1111110
1111010
1111101
1111111
1111111
1111110
1101001
1111101
1101110
1100010
1100101
1111010
1111101
1111011
1110100
1111100
1111111
1111111
0100111
1111111
1111111
1111111
1111110
1111111
1110001
1111110
1110111
1101101
1111001
1111111
1100011
1110111
1111010
1111100
1110100
1111100
1110101
1111100
1111101
1111111
1111011
1111111
1111100
1101010
1111100
1111111
1111011
1111111
1111000
0100100
0110101
1001110
1111110
1111110
1011011
1110001
1111101
1110111
1111111
1111011
1101101
1111111
1011000
1110010
1111111
0101100
1111111
1101011
1111111
1110110
1110110
1111110
1100110
1110010
1110101
1111110
1111101
1111101
1111111
1111110
1111110
1111111
1111110
1110001
1111000
1111111
1111100
1111110
1011101
1111110
1110001
1111010
1111110
1111100
1111110
1111110
1111111
1111110
1100101
1111111
1111001
1010010
1000101
1111011
1111111
1111111
1110000
1111101
1111011
1111010
1111110
1111111
1111110
1111001
1110001
1111000
0101101
0100010
1111111
1110100
1111010
1111100
1111100
1000000
1111111
1111111
1111101
1110010
1100011
1111111
1101010
1110110
1110000
1111110
1111111
1111100
1111101
1111011
1111111
1111110
1111011
1111111
1110001
1111100
1111101
1101011
1111101
1111111
1111100
1111111
1111111
1111111
1111100
0110110
1111001
1111000
1111110
1111110
1101011
1111011
1111111
1111010
1110011
1111010
1111000
1111110
1101100
1111101
1010001
1101001
1111000
1111011
1110111
1111011
1111101
1111101
1110110
1110110
1111100
1111110
1111100
1101101
1111111
1111110
1111111
1111101
1111101
1100110
1111111
1010100
1111111
1111111
1111011
1011111
1001111
1110111
1111111
1110111
1011101
1110101
1101111
1001101
1011001
1111110
1111101
1111101
1111111
1100111
1110100
1111011
0111101
1100010
1110110
1111000
1011000
1111100
1111110
1111100
1111101
1111111
1111110
1101111
1111111
1111111
1111111
1111110
1100100
1111111
1110110
0111110
1011001
1100001
1111110
1111110
1110000
1111110
1110110
1111101
1111111
1111110
1111010
1111111
1111111
1111101
1110101
1111110
1111011
1111101
1111111
1000001
1110111
1101110
0111000
1111011
1111110
1111100
1110111
1111111
0110000
1111001
1111011
1111110
1000111
1011010
1111110
1111101
1111111
1111111
1111101
1111111
1111110
1111100
1111110
1011111
1001011
1111111
1111101
1101011
1111111
1111100
1100101
1111000
1111011
1111111
1111110
1111000
1111111
1110101
1111101
1111101
1111011
0111111
1111011
1111111
0111110
1111100
1111110
1111111
1111010
1010011
1111111
1111111
1111101
1111000
1111001
1111010
1111111
1111010
0001100
1110001
1111111
1111111
1110001
1111101
1110111
1111111
1111110
1100111
1111111
1111111
1111111
1111111
1111101
0110010
1011101
1111101
1111111
1100001
1111010
1111111
1111101
1111101
1111101
1111101
1111100
1010001
1111110
1111101
1111111
1010001
1111111
1101100
1111111
1111001
1111110
1110011
1100001
1101111
1111111
1010111
1111111
1111000
1111110
1111111
1110000
1111011
1111111
1111110
1111110
1111111
1111111
1111110
1110011
1111001
1110110
1111111
1111101
1111100
1101001
1111101
1111111
1111101
1111111
1010011
1111111
1111111
1111110
1110100
1111111
1111111
1100111
1111100
1111111
1110111
1111100
1111011
1001000
1111011
1110111
1111110
1010001
1101011
1111111
1111110
1111011
1111100
1111111
1111110
1111111
1111101
1111111
1110000
1111100
1111111
1111111
1111111
1111101
1111111
1111111
1111111
1111101
1111100
1111101
1010101
0100010
1111110
1111111
1000000
1111110
1111110
1111111
1111001
1101101
1111111
1010100
1111010
1111111
1111111
1111100
1110001
1110110
1110100
1111111
1100000
1111100
1111111
1110110
1111110
1110101
1101110
1111101
1111101
1110001
1110111
1111110
1111111
1111111
1111010
1111110
1111110
1110001
1111100
1101001
1011110
1111100
1111110
1111110
1111111
0100111
1111110
1111101
1111110
1110101
1010101
1111011
1111110
1111011
1111001
1110110
1110101
1011110
1111111
1111111
1111100
1110011
1111111
1111110
1110101
1110001
1100110
1111111
1111110
1111100
1111111
1010000
1111111
1110101
1100111
1011110
1111000
1111001
1011001
1111001
1110011
1111111
1111010
1111110
1111111
1111110
1111101
1111110
1111111
1111011
1111011
0111010
1111111
1011101
1111111
1111110
1111110
1111111
1110000
1110110
1111100
1111110
1111111
1111110
1111100
1101011
1110110
1111111
1011000
1111010
1010000
1111101
1111110
1011000
1110011
1111110
1111111
1110110
1001111
1111111
1111101
1111101
1101111
1111101
1111111
1111110
1111110
1111101
1111111
1111111
1111111
1111001
1111110
1101101
1110001
1110110
1101100
1111111
1111011
1000001
1111011
1111010
1111101
1111010
1111010
1110110
1111111
1101001
1010011
1100101
1111111
1101000
1111110
0011010
1111111
1111101
1111101
1110101
1111001
1111010
1111110
1111110
1111000
1111110
1111100
1110001
1011011
1111111
1110010
1101100
1111011
1111011
1111010
1010000
1111101
1111010
1110010
1111010
1111010
1010110
1101111
0110001
0111010
1111111
1111101
1001001
1111011
1111111
1111100
1101101
1111111
1011100
0111110
1111111
1111110
1111111
1101100
1111100
1111101
1111111
1111111
1111111
1111100
0111111
1111100
1111100
1101011
1111101
1111000
1101100
1111110
1000111
1111111
0010111
1111101
1111010
1111101
1111100
1111101
1110011
1111111
1111001
1111101
1111101
1111101
1111111
1111110
1001111
1111111
1111111
1111101
1111000
1111001
1111101
1111111
1100110
1111100
1101010
1111111
1101110
1111011
1111101
1111111
1111110
1111101
1111111
1111111
1111001
1111111
1111000
1111110
1111111
1101010
1111111
1101001
1111100
1111111
1111110
1111110
1111101
1111000
1111001
1111110
1111111
1111110
1110011
1111110
1111111
1111111
1111101
1111111
1111010
1111100
1111111
1110010
1111100
1111111
1100110
1100101
1111111
1110001
1111010
1111000
1110111
1111110
1111110
1111000
1111010
1110100
1111011
1111111
1111111
0111111
0110011
1111001
1001011
1111110
1111110
1111111
1111111
1111100
1100111
0110110
1110100
1111010
1111110
1111101
1111111
1111101
1111000
1111010
1111101
1111111
1111111
1110100
1111110
1111100
1111110
1110110
1110011
1111111
1110101
1111101
1111101
1111001
1111111
1111101
0011001
1111111
1111001
1110011
